2	1.287121e+02	3.354687e+02	-2.779959e-03	2.802288e+02	7.513161e+02	-2.689730e-03	-5.498253e+00	-7.402013e-03	-5.879607e-03	7.466169e-01	3.648600e-01	2.509843e-01	5.136891e-01	3.204730e-02	3.392096e-02	0.000000e+00	-1.961330e+02	0.000000e+00	-5.251443e+02	1.031550e-01	-1.091851e-01	7.460186e-03	6.701079e-04	-1.948298e-03	6.905573e+01	-1.117798e-02	5.209577e+01	0.000000e+00	0.000000e+00	0.000000e+00	0.000000e+00	6	0.000000e+00	0.000000e+00	0.000000e+00
4.000000e+00	1.147587e+02	2.804022e+02	-4.641046e-03	5.220056e+02	1.362532e+03	-1.025369e-02	-4.605136e+00	8.095968e-04	1.202130e-02	-2.805306e-02	8.422263e-01	5.661115e-01	-1.878026e-02	-7.256939e-02	3.166987e-03	0.000000e+00	-1.961330e+02	0.000000e+00	-2.423866e+02	-1.519371e-01	-6.632797e-03	2.013775e-02	-2.258350e-03	8.989139e-04	6.781466e+01	-1.881666e-02	-1.761719e+02	0.000000e+00	0.000000e+00	0.000000e+00	0.000000e+00	6	0.000000e+00	0.000000e+00	0.000000e+00
6.000000e+00	1.074326e+02	2.434504e+02	-5.819467e-03	7.436744e+02	1.884944e+03	-2.075305e-02	-4.014840e+00	-1.169476e-02	-8.899883e-03	-7.653038e-01	-3.792255e-01	-2.475042e-01	-4.997323e-01	6.639499e-02	6.779935e-02	0.000000e+00	-1.961330e+02	0.000000e+00	-1.462697e+02	9.114027e-02	-9.306735e-02	1.014219e-02	6.801298e-04	-2.513753e-03	6.628271e+01	-2.609647e-02	5.273596e+01	0.000000e+00	0.000000e+00	0.000000e+00	0.000000e+00	6	0.000000e+00	0.000000e+00	0.000000e+00
8.000000e+00	1.022865e+02	2.126064e+02	-6.881116e-03	9.531612e+02	2.340344e+03	-3.345359e-02	-3.563692e+00	6.264009e-03	-1.651486e-02	8.517877e-01	-1.566201e-01	-9.886512e-02	5.367768e-01	1.170173e-01	-6.297065e-02	0.000000e+00	-1.961330e+02	0.000000e+00	-1.035861e+02	1.184078e-01	6.373711e-02	8.585055e-03	2.826560e-03	-1.588525e-04	6.443921e+01	-3.600101e-02	-2.081477e+01	0.000000e+00	0.000000e+00	0.000000e+00	0.000000e+00	6	0.000000e+00	0.000000e+00	0.000000e+00
1.000000e+01	9.828181e+01	1.850208e+02	-8.008735e-03	1.153586e+03	2.737565e+03	-4.831536e-02	-3.172866e+00	1.545143e-02	-1.480727e-02	-8.080929e-01	3.458794e-01	2.089166e-01	-4.874804e-01	1.110896e-01	-1.534676e-01	0.000000e+00	-1.961330e+02	0.000000e+00	-7.675152e+01	8.287919e-02	1.144693e-01	7.553065e-03	3.013280e-03	9.677188e-04	6.221077e+01	-5.005074e-02	-4.631352e+01	0.000000e+00	0.000000e+00	0.000000e+00	0.000000e+00	6	0.000000e+00	0.000000e+00	0.000000e+00
1.200000e+01	9.503462e+01	1.595873e+02	-9.361057e-03	1.346795e+03	3.081881e+03	-6.563047e-02	-2.821982e+00	1.267385e-02	-2.265299e-02	8.638435e-01	-2.274896e-01	-1.303907e-01	4.936532e-01	2.208758e-01	-1.702442e-01	0.000000e+00	-1.961330e+02	0.000000e+00	-5.756784e+01	1.174711e-01	9.056950e-02	6.850215e-03	3.468557e-03	-1.222176e-04	5.950216e+01	-7.169693e-02	-2.946629e+01	0.000000e+00	0.000000e+00	0.000000e+00	0.000000e+00	6	0.000000e+00	0.000000e+00	0.000000e+00
1.400000e+01	9.236689e+01	1.357355e+02	-1.128366e-02	1.534112e+03	3.376989e+03	-8.615127e-02	-2.505156e+00	-1.399574e-02	-2.865447e-02	-8.866314e-01	-2.014803e-01	-1.069608e-01	-4.735834e-01	4.234017e-01	1.285369e-01	0.000000e+00	-1.961330e+02	0.000000e+00	-4.326202e+01	1.547226e-01	-4.705911e-02	6.144872e-03	1.855097e-03	-3.570164e-03	5.620240e+01	-1.130277e-01	2.566559e+01	0.000000e+00	0.000000e+00	0.000000e+00	0.000000e+00	6	0.000000e+00	0.000000e+00	0.000000e+00
1.600000e+01	9.015189e+01	1.130665e+02	-1.383768e-02	1.716566e+03	3.625633e+03	-1.112078e-01	-2.216110e+00	-3.638834e-02	1.747026e-02	4.959153e-01	7.836415e-01	3.824217e-01	2.431519e-01	-1.870068e-01	6.337393e-01	0.000000e+00	-1.961330e+02	0.000000e+00	-3.271591e+01	-5.157581e-02	-1.742851e-01	5.651165e-03	-4.597533e-03	-1.837081e-03	5.208618e+01	-1.566862e-01	1.154225e+02	0.000000e+00	0.000000e+00	0.000000e+00	0.000000e+00	6	0.000000e+00	0.000000e+00	0.000000e+00
1.800000e+01	8.829336e+01	9.128949e+01	-1.664614e-02	1.894959e+03	3.829870e+03	-1.416498e-01	-1.955034e+00	4.228840e-02	2.740304e-02	4.497983e-01	-8.344022e-01	-3.626904e-01	1.939681e-01	-6.482113e-01	-7.177016e-01	0.000000e+00	-1.961330e+02	0.000000e+00	-2.472409e+01	-1.345792e-01	1.489403e-01	5.045056e-03	1.433001e-03	5.710460e-03	4.691165e+01	-2.026898e-01	-1.232568e+02	0.000000e+00	0.000000e+00	0.000000e+00	0.000000e+00	6	0.000000e+00	0.000000e+00	0.000000e+00
2.000000e+01	8.672404e+01	7.019331e+01	-1.976772e-02	2.069934e+03	3.991265e+03	-1.780030e-01	-1.724965e+00	-2.855232e-02	-5.695215e-02	-9.453909e-01	-2.195401e-01	-7.889044e-02	-3.483330e-01	1.368892e+00	4.329616e-01	0.000000e+00	-1.961330e+02	0.000000e+00	-1.878712e+01	2.146535e-01	-6.830022e-02	4.371683e-03	1.505041e-03	-6.920183e-03	4.040583e+01	-2.660381e-01	2.624508e+01	0.000000e+00	0.000000e+00	0.000000e+00	0.000000e+00	6	0.000000e+00	0.000000e+00	0.000000e+00
2.200000e+01	8.538360e+01	4.961248e+01	-2.328301e-02	2.242009e+03	4.111007e+03	-2.209770e-01	-1.530484e+00	2.804436e-02	7.481424e-02	-1.729170e-01	9.791068e-01	2.831232e-01	-4.721129e-02	-2.027324e+00	-4.104356e-01	0.000000e+00	-1.961330e+02	0.000000e+00	-1.458250e+01	-2.449164e-01	5.009227e-02	3.602079e-03	-2.365294e-03	7.809148e-03	3.220414e+01	-3.454697e-01	-1.598692e+02	0.000000e+00	0.000000e+00	0.000000e+00	0.000000e+00	6	0.000000e+00	0.000000e+00	0.000000e+00
2.400000e+01	8.420310e+01	2.941507e+01	-2.731884e-02	2.411576e+03	4.189990e+03	-2.714738e-01	-1.375530e+00	-5.558802e-02	-8.087553e-02	9.719031e-01	2.972787e-01	5.426215e-02	1.901417e-01	2.525298e+00	1.189863e+00	0.000000e+00	-1.961330e+02	0.000000e+00	-1.200632e+01	2.468076e-01	-1.168980e-01	2.680399e-03	6.501107e-04	-8.812410e-03	2.201480e+01	-4.366878e-01	3.409984e+01	0.000000e+00	0.000000e+00	0.000000e+00	0.000000e+00	6	0.000000e+00	0.000000e+00	0.000000e+00
2.600000e+01	8.311669e+01	9.515342e+00	-3.202992e-02	2.578886e+03	4.228885e+03	-3.307043e-01	-1.274831e+00	1.026734e-01	5.188306e-02	5.379140e-01	-8.808353e-01	-7.766512e-02	4.189727e-02	-1.960317e+00	-2.623396e+00	0.000000e+00	-1.961330e+02	0.000000e+00	-1.070267e+01	-1.679047e-01	2.246411e-01	1.414749e-03	1.885154e-03	7.778256e-03	9.759806e+00	-5.280119e-01	-1.171312e+02	0.000000e+00	0.000000e+00	0.000000e+00	0.000000e+00	6	0.000000e+00	0.000000e+00	0.000000e+00
2.800000e+01	8.207292e+01	-1.012577e+01	-3.738974e-02	2.744071e+03	4.228243e+03	-4.000417e-01	-1.238077e+00	-1.216352e-01	2.061375e-02	-6.688850e-01	-7.906321e-01	3.121171e-02	1.941511e-02	1.068171e-01	3.071153e+00	0.000000e+00	-1.961330e+02	0.000000e+00	-1.036438e+01	9.046851e-03	-2.568540e-01	7.809674e-05	-1.476850e-03	-6.401932e-03	-4.022379e+00	-5.912369e-01	9.951594e+01	0.000000e+00	0.000000e+00	0.000000e+00	0.000000e+00	6	0.000000e+00	0.000000e+00	0.000000e+00
3.000000e+01	8.103721e+01	-2.951294e+01	-4.285615e-02	2.907185e+03	4.188570e+03	-4.803157e-01	-1.271075e+00	8.012609e-02	-8.329291e-02	-9.513285e-01	3.790574e-01	-5.500388e-02	1.515476e-01	1.151693e+00	-1.876743e+00	0.000000e+00	-1.961330e+02	0.000000e+00	-1.106784e+01	1.058314e-01	1.716554e-01	-1.406670e-03	2.344383e-04	8.941012e-03	-1.788461e+01	-5.734841e-01	-4.353991e+01	0.000000e+00	0.000000e+00	0.000000e+00	0.000000e+00	6	0.000000e+00	0.000000e+00	0.000000e+00
3.200000e+01	7.995719e+01	-4.862033e+01	-4.768939e-02	3.068193e+03	4.110395e+03	-5.710374e-01	-1.367293e+00	-2.427798e-02	9.079125e-02	1.224226e-01	9.943684e-01	-2.665162e-01	-2.918255e-02	-1.202725e+00	7.245426e-01	0.000000e+00	-1.961330e+02	0.000000e+00	-1.305009e+01	-1.311578e-01	-7.925424e-02	-2.494656e-03	-2.861917e-03	-1.003686e-02	-2.996044e+01	-4.438354e-01	1.658438e+02	0.000000e+00	0.000000e+00	0.000000e+00	0.000000e+00	6	0.000000e+00	0.000000e+00	0.000000e+00
3.400000e+01	7.877769e+01	-6.738766e+01	-5.125994e-02	3.226948e+03	3.994334e+03	-6.701983e-01	-1.510999e+00	-1.133476e-03	-7.365461e-02	9.765743e-01	1.294381e-02	-6.859334e-03	-3.504854e-01	1.062417e+00	-2.287850e-01	0.000000e+00	-1.961330e+02	0.000000e+00	-1.619708e+01	1.440657e-01	3.118952e-02	-3.341538e-03	4.289212e-03	6.027596e-03	-3.948821e+01	-2.981408e-01	1.411733e+00	0.000000e+00	0.000000e+00	0.000000e+00	0.000000e+00	6	0.000000e+00	0.000000e+00	0.000000e+00
3.600000e+01	7.746815e+01	-8.573532e+01	-5.408397e-02	3.383218e+03	3.841143e+03	-7.755673e-01	-1.687732e+00	-1.850205e-03	5.973267e-02	-1.228742e-02	-9.517240e-01	4.149549e-01	3.622684e-03	-7.821118e-01	2.214877e-01	0.000000e+00	-1.961330e+02	0.000000e+00	-2.043250e+01	-1.341422e-01	-3.812430e-02	-3.854698e-03	-4.100232e-03	-5.327092e-03	-4.711229e+01	-2.578352e-01	1.784082e+02	0.000000e+00	0.000000e+00	0.000000e+00	0.000000e+00	6	0.000000e+00	0.000000e+00	0.000000e+00
3.800000e+01	7.601219e+01	-1.035698e+02	-5.662983e-02	3.536724e+03	3.651753e+03	-8.863991e-01	-1.883179e+00	2.082471e-02	-4.137247e-02	-9.056245e-01	2.083295e-01	-1.031455e-01	4.534921e-01	4.358127e-01	-3.647790e-01	0.000000e+00	-1.961330e+02	0.000000e+00	-2.574372e+01	9.445717e-02	7.909734e-02	-4.126560e-03	1.157921e-03	5.571285e-03	-5.317282e+01	-1.884847e-01	-2.600416e+01	0.000000e+00	0.000000e+00	0.000000e+00	0.000000e+00	6	0.000000e+00	0.000000e+00	0.000000e+00
4.000000e+01	7.439797e+01	-1.207935e+02	-5.825034e-02	3.687162e+03	3.427288e+03	-1.001394e+00	-2.087439e+00	-3.591255e-02	1.063241e-02	5.434712e-01	7.299877e-01	-4.044813e-01	-3.002248e-01	-3.716187e-02	4.501717e-01	0.000000e+00	-1.961330e+02	0.000000e+00	-3.212409e+01	-1.007982e-02	-1.217836e-01	-4.221636e-03	1.809991e-03	-3.803173e-03	-5.792874e+01	-1.323498e-01	1.065918e+02	0.000000e+00	0.000000e+00	0.000000e+00	0.000000e+00	6	0.000000e+00	0.000000e+00	0.000000e+00
4.200000e+01	7.262089e+01	-1.373062e+02	-5.956185e-02	3.834209e+03	3.169070e+03	-1.119265e+00	-2.293050e+00	1.737278e-02	2.471486e-02	2.738248e-01	-8.506324e-01	5.089293e-01	-1.643769e-01	-3.063787e-01	-1.324800e-01	0.000000e+00	-1.961330e+02	0.000000e+00	-3.953946e+01	-1.021470e-01	4.421802e-02	-4.192774e-03	-3.760050e-03	-4.145547e-04	-6.179962e+01	-1.043804e-01	-1.443750e+02	0.000000e+00	0.000000e+00	0.000000e+00	0.000000e+00	6	0.000000e+00	0.000000e+00	0.000000e+00
4.400000e+01	7.067995e+01	-1.530072e+02	-6.024121e-02	3.977538e+03	2.878620e+03	-1.239158e+00	-2.495652e+00	2.151438e-02	-1.295698e-02	-7.669363e-01	4.312273e-01	-2.741516e-01	4.882549e-01	9.093454e-02	-2.479914e-01	0.000000e+00	-1.961330e+02	0.000000e+00	-4.803784e+01	3.754509e-02	1.022903e-01	-4.132383e-03	-2.546502e-05	3.094730e-03	-6.494682e+01	-7.265460e-02	-5.874195e+01	0.000000e+00	0.000000e+00	0.000000e+00	0.000000e+00	6	0.000000e+00	0.000000e+00	0.000000e+00
4.600000e+01	6.857192e+01	-1.677828e+02	-6.034059e-02	4.116819e+03	2.557674e+03	-1.359881e+00	-2.692842e+00	-1.309763e-03	-2.083134e-02	8.677070e-01	2.992201e-02	-2.017481e-02	-5.806489e-01	1.927756e-01	-1.963187e-02	0.000000e+00	-1.961330e+02	0.000000e+00	-5.767671e+01	1.004875e-01	1.024393e-02	-3.936199e-03	2.304181e-03	1.308089e-03	-6.757946e+01	-3.623894e-02	3.925760e+00	0.000000e+00	0.000000e+00	0.000000e+00	0.000000e+00	6	0.000000e+00	0.000000e+00	0.000000e+00
4.800000e+01	6.630165e+01	-1.815330e+02	-5.978696e-02	4.251720e+03	2.208187e+03	-1.480083e+00	-2.878740e+00	-1.239801e-02	-1.270928e-02	-7.942860e-01	-3.258616e-01	2.273384e-01	5.539495e-01	1.225064e-01	8.704550e-02	0.000000e+00	-1.961330e+02	0.000000e+00	-6.822225e+01	7.902373e-02	-5.616059e-02	-3.678026e-03	2.316142e-03	-6.181794e-04	-6.978785e+01	-1.840384e-02	4.459967e+01	0.000000e+00	0.000000e+00	0.000000e+00	0.000000e+00	6	0.000000e+00	0.000000e+00	0.000000e+00
5.000000e+01	6.387927e+01	-1.941706e+02	-5.876003e-02	4.381927e+03	1.832297e+03	-1.598695e+00	-3.049795e+00	-1.373931e-02	-6.532590e-03	7.182164e-01	4.554406e-01	-3.289114e-01	-5.186577e-01	6.681744e-02	1.002289e-01	0.000000e+00	-1.961330e+02	0.000000e+00	-7.964521e+01	5.158078e-02	-7.735916e-02	-3.310968e-03	1.642023e-03	-1.329060e-03	-7.167041e+01	-3.912851e-03	6.475697e+01	0.000000e+00	0.000000e+00	0.000000e+00	0.000000e+00	6	0.000000e+00	0.000000e+00	0.000000e+00
5.200000e+01	6.131425e+01	-2.056083e+02	-5.741728e-02	4.507144e+03	1.432318e+03	-1.714921e+00	-3.203312e+00	-1.210430e-02	-5.347944e-03	-7.062473e-01	-4.615878e-01	3.433911e-01	5.254340e-01	5.233810e-02	8.506454e-02	0.000000e+00	-1.961330e+02	0.000000e+00	-9.183194e+01	4.681420e-02	-7.607312e-02	-2.979209e-03	1.367777e-03	-1.295422e-03	-7.329603e+01	5.361719e-03	6.633950e+01	0.000000e+00	0.000000e+00	0.000000e+00	0.000000e+00	6	0.000000e+00	0.000000e+00	0.000000e+00
5.400000e+01	5.862401e+01	-2.157852e+02	-5.580883e-02	4.627103